Carrefour,45,5,3.99,7.50,15.99,24.50,35.00,A
Kaufland,60,6,2.99,5.75,12.50,18.99,22.50,29.99,K
Lidl,35,4,1.99,4.25,8.75,14.50,L
Auchan,55,7,4.50,9.99,16.75,27.50,32.99,38.50,44.99,A
Mega Image,25,4,5.25,11.50,17.25,23.75,M
Penny,30,5,2.50,6.99,13.75,19.99,24.50,P
Profi,28,4,3.75,8.50,15.25,21.99,P
Cora,50,6,4.25,10.50,18.75,25.50,33.99,41.50,C
Metro,65,8,9.99,19.50,29.99,45.75,59.99,67.50,78.25,89.99,M
Selgros,58,6,8.75,17.50,27.99,38.50,54.75,69.99,S
Dedeman,70,10,12.50,24.99,37.50,52.75,68.99,75.50,84.25,97.50,105.99,130.00,D
Leroy Merlin,63,9,11.99,22.50,34.99,47.75,59.99,72.50,88.75,94.25,109.50,L